M1   05 34 31.97  22 00 52.1 0  9.0
M2   21 33 27.00 -00 49 24.0 1  7.5
M3   13 42 11.23  28 22 31.6 1  7.0
M4   16 23 35.41 -26 31 31.9 1  7.5
M5   15 18 33.75  02 04 57.7 1  7.0
M6   17 40 06.00 -32 13 00.0 2  4.5
M7   17 53 54.00 -34 49 00.0 2  3.5
M8   18 03 48.00 -24 23 00.0 3  5.0
M9   17 19 11.78 -18 30 58.5 1  9.0
M10  16 57 08.99 -04 05 57.6 1  7.5
M11  18 51 06.00 -06 16 00.0 2  7.0
M12  16 47 14.52 -01 56 52.1 1  8.0
M13  16 41 41.44  36 27 36.9 1  7.0
M14  17 37 36.15 -03 14 45.3 1  9.5
M15  21 29 58.38  12 10 00.6 1  7.5
M16  18 18 48.00 -13 47 00.0 3  6.5
M17  18 20 48.00 -16 11 00.0 3  7.0
M18  18 19 54.00 -17 08 00.0 2  8.0
M19  17 02 37.69 -26 16 04.6 1  8.5
M20  18 02 36.00 -23 02 00.0 3  5.0
M21  18 04 36.00 -22 30 00.0 2  7.0
M22  18 36 24.21 -23 54 12.2 1  6.5
M23  17 56 48.00 -19 01 00.0 2  6.0
M24  18 16 54.00 -18 29 00.0 2 11.5
M25  18 31 36.00 -19 15 00.0 2  4.9
M26  18 45 12.00 -09 24 00.0 2  9.5
M27  19 59 36.34  22 43 16.1 4  7.5
M28  18 24 32.89 -24 52 11.4 1  8.5
M29  20 23 54.00  38 32 00.0 2  9.0
M30  21 40 22.03 -23 10 44.6 1  8.5
M31  00 42 44.31  41 16 09.4 5  4.5
M32  00 42 41.87  40 51 57.2 5 10.0
M33  01 33 51.02  30 39 36.7 5  7.0
M34  02 42 00.00  42 47 00.0 2  6.0
M35  06 08 54.00  24 20 00.0 2  5.5
M36  05 36 06.00  34 08 00.0 2  6.5
M37  05 52 24.00  32 33 00.0 2  6.0
M38  05 28 42.00  35 50 00.0 2  7.0
M39  21 32 12.00  48 26 00.0 2  5.5
M41  06 47 00.00 -20 44 00.0 2  5.0
M42  05 35 17.30 -05 23 28.0 3  5.0
M43  05 35 31.00 -05 16 12.0 3  7.0
M44  08 40 06.00  19 59 00.0 2  4.0
M45  03 47 00.00  24 07 00.0 2  1.4
M46  07 41 48.00 -14 49 00.0 2  6.5
M48  08 13 48.00 -05 48 00.0 2  5.5
M49  12 29 46.76  07 59 59.9 5 10.0
M50  07 03 12.00 -08 20 00.0 2  7.0
M51  13 29 52.37  47 11 40.8 5  8.0
M52  23 24 12.00  61 35 00.0 2  8.0
M53  13 12 55.30  18 10 09.0 1  8.5
M54  18 55 03.28 -30 28 42.6 1  8.5
M55  19 39 59.40 -30 57 43.5 1  7.0
M56  19 16 35.50  30 11 04.2 1  9.5
M57  18 53 35.08  33 01 45.0 4  9.5
M58  12 37 43.48  11 49 04.4 5 11.0
M59  12 42 02.39  11 38 45.1 5 11.5
M60  12 43 40.19  11 33 08.9 5 10.5
M61  12 21 55.03  04 28 28.7 5 10.5
M62  17 01 12.60 -30 06 44.5 1  8.0
M63  13 15 49.28  42 01 46.5 5  8.5
M64  12 56 43.88  21 41 00.1 5  9.0
M65  11 18 55.78  13 05 32.3 5 10.5
M66  11 20 15.07  12 59 21.6 5 10.0
M67  08 50 24.00  11 49 00.0 2  7.5
M68  12 39 28.01 -26 44 34.9 1  9.0
M69  18 31 23.23 -32 20 52.7 1  9.0
M70  18 43 12.64 -32 17 30.8 1  9.0
M71  19 53 46.11  18 46 42.3 1  8.5
M72  20 53 27.91 -12 32 13.4 1 10.0
M73  20 58 54.00 -12 38 00.0 2  9.0
M74  01 36 41.84  15 46 59.6 5 10.5
M75  20 06 04.75 -21 55 16.2 1  9.5
M76  01 42 19.95  51 34 31.2 4 12.0
M77  02 42 40.83 -00 00 48.4 5 10.5
M78  05 46 46.70  00 00 50.0 3  8.0
M79  05 24 10.59 -24 31 27.3 1  8.5
M80  16 17 02.51 -22 58 30.4 1  8.5
M81  09 55 33.17  69 03 55.1 5  8.5
M82  09 55 52.19  69 40 48.8 5  9.5
M83  13 37 00.78 -29 51 58.6 5  8.5
M84  12 25 03.74  12 53 13.1 5 11.0
M85  12 25 24.23  18 11 26.9 5 10.5
M86  12 26 12.20  12 56 44.5 5 11.0
M87  12 30 49.42  12 23 28.0 5 11.0
M88  12 31 59.34  14 25 13.4 5 11.0
M89  12 35 40.00  12 33 22.9 5 11.5
M90  12 36 50.08  13 09 45.7 5 11.0
M91  12 35 26.58  14 29 45.1 5 11.5
M92  17 17 07.27  43 08 11.5 1  7.5
M93  07 44 36.00 -23 52 00.0 2  6.5
M94  12 50 52.63  41 07 09.3 5  9.5
M95  10 43 57.70  11 42 12.7 5 11.0
M96  10 46 45.78  11 49 10.2 5 10.5
M97  11 14 47.73  55 01 08.5 4 12.0
M98  12 13 48.37  14 53 58.0 5 11.0
M99  12 18 49.52  14 25 00.4 5 10.5
M100 12 22 54.95  15 49 19.5 5 10.5
M101 14 03 12.51  54 20 53.1 5  8.5
M102 15 06 29.48  55 45 47.2 5 10.5
M103 01 33 12.00  60 42 00.0 2  7.0
M104 12 39 59.43 -11 37 23.0 5  9.5
M105 10 47 49.75  12 34 54.6 5 11.0
M106 12 18 57.54  47 18 14.3 5  9.5
M107 16 32 31.91 -13 03 13.1 1 10.0
M108 11 11 31.29  55 40 31.0 5 11.0
M109 11 57 35.90  53 22 35.0 5 11.0
M110 00 40 22.00  41 41 07.0 5 10.0
